991.840000 0.122954
1012.080000 0.130579
1033.170000 0.140812
1050.680000 0.146950
1068.790000 0.148560
1087.540000 0.145499
1106.960000 0.134979
1127.090000 0.111154
1137.430000 0.104944
1147.960000 0.102692
1158.690000 0.115307
1169.620000 0.152930
1180.760000 0.198628
1186.410000 0.205939
1192.120000 0.209007
1197.870000 0.201464
1203.690000 0.192583
1209.560000 0.187250
1215.490000 0.186108
1227.520000 0.175522
1239.800000 0.167354
1252.320000 0.158355
1265.100000 0.149192
1278.140000 0.140356
1291.460000 0.132332
1305.050000 0.125017
1318.940000 0.118248
1333.120000 0.112113
1347.610000 0.106593
1362.420000 0.101540
1377.560000 0.096943
1393.030000 0.092802
1408.860000 0.088970
1425.060000 0.085298
1441.630000 0.082078
1458.590000 0.079162
1475.950000 0.076404
1493.730000 0.073948
1511.950000 0.071502
1530.620000 0.069497
1549.750000 0.067500
1589.490000 0.063815
1631.320000 0.060583
1675.410000 0.057797
1721.940000 0.055448
1771.140000 0.053254
1836.740000 0.050808
1907.380000 0.048788
1983.680000 0.047052
2066.330000 0.045594
2138.470000 0.044447
2144.280000 0.044371
2267.370000 0.042939
2301.980000 0.042592
2378.240000 0.041898
2399.270000 0.041722
2482.630000 0.041080
2651.920000 0.040005
2698.740000 0.039751
2752.660000 0.039479
2803.330000 0.039239
2893.480000 0.038851
2967.160000 0.038564
3021.400000 0.038369
3302.430000 0.037528
3341.330000 0.037431
3403.520000 0.037282
3466.030000 0.037142
3610.370000 0.036848
3650.010000 0.036774
4046.340000 0.036159
4358.130000 0.035795
4677.960000 0.035497
4861.200000 0.035353
5085.520000 0.035197
5460.470000 0.034976
5769.460000 0.034824
5790.480000 0.034814
5875.270000 0.034777
5892.310000 0.034770
6438.180000 0.034560
6562.570000 0.034518
6677.800000 0.034482
7064.790000 0.034368
8520.960000 0.034040
8943.230000 0.033963
10139.000000 0.033767
10828.900000 0.033664
11286.300000 0.033599
13621.500000 0.033273
13950.100000 0.033228
14694.400000 0.033122
15294.700000 0.033037
16605.300000 0.032842
16808.600000 0.032810
16931.400000 0.032792
17090.600000 0.032767
18130.000000 0.032602
19700.000000 0.032338
20580.000000 0.032182
21525.100000 0.032006
23253.400000 0.031664
24372.900000 0.031427
32437.700000 0.029311
32666.700000 0.029239
33024.300000 0.029124
34220.300000 0.028731
35068.200000 0.028438
35562.100000 0.028263
37065.400000 0.027704
38455.300000 0.027201
41659.900000 0.025831
45447.200000 0.023819
49991.900000 0.021324
55546.600000 0.017609
58814.000000 0.014893
62489.900000 0.011394
64505.700000 0.009185
66655.900000 0.006474
67564.000000 0.005361
68497.200000 0.003998
69456.600000 0.002579
70403.200000 0.001625
71417.000000 0.000666
72460.500000 0.000048
73535.000000 0.000229
74062.100000 0.000690
74641.800000 0.001851
75185.000000 0.003407
75736.100000 0.005665
76342.400000 0.009627
76910.700000 0.017005
77536.000000 0.030997
78122.200000 0.055999
78717.500000 0.093049
79372.600000 0.149945
79987.100000 0.215113
80663.600000 0.265111
81298.400000 0.292071
81943.200000 0.295074
82653.300000 0.304902
83319.900000 0.325028
84054.200000 0.341988
84743.700000 0.365053
85444.500000 0.400090
86217.000000 0.441102
86942.500000 0.495489
87742.400000 0.574303
88493.900000 0.659080
89258.500000 0.720418
90101.700000 0.694879
90894.400000 0.609230
91769.100000 0.530245
93008.200000 0.425658
95222.700000 0.345200
97545.200000 0.274996
99983.900000 0.225011
102548.000000 0.180041
105246.000000 0.144992
108091.000000 0.116942
