 1  300  12
 2  240  34
 3  100 128
 4 1200   1 
 5  300  22
 6   10 127 
 7  110  17
 8  350  18
 9 2500   2
10 1100  17
11  320  17
12  140   1
13   50   1
14  200  18
15  500  54
16   30 123 
17  300  12
18  400   1
19  600  12
20  840  52
21   80   2
22  100  12
23  180  97
24  220  35
25  560  46
26  800   4
27  840   1
28  100 135
29   50   3
30 3200   1
31 4000   1
32  880   0
33  900  25
34  640  56
35  240   3
36  490   2
37  180  25
38  130   2
39  790  25
40  180  25
41  290   3
42 3490   0 
43  290  67
44  170 256 
45  160  36
46  370  64
47  170   2 
48  190  36
49  160  35
50 1200  12